5    #par
8 #Rows/Columns (always square)
im:6,3,0,1,0,2,0,3,0,4,0,5,0,6,0,7,1,0,2,0,3,0,4,0,5,0,6,0,7,0,0,-1,0,-2,0,-3,0,-4,0,-5,0,-6,0,-7,-1,0,-2,0,-3,0,-4,0,-5,0,-6,0,-7,0,1,1,2,2,3,3,4,4,5,5,6,6,7,7,8,8,-1,1,-2,2,-3,3,-4,4,-5,5,-6,6,-7,7,-8,8,1,-1,2,-2,3,-3,4,-4,5,-5,6,-6,7,-7,8,-8,-1,-1,-2,-2,-3,-3,-4,-4,-5,-5,-6,-6,-7,-7,-8,-8;0,1,0,2,0,3,0,4,0,5,0,6,0,7,1,0,2,0,3,0,4,0,5,0,6,0,7,0,0,-1,0,-2,0,-3,0,-4,0,-5,0,-6,0,-7,-1,0,-2,0,-3,0,-4,0,-5,0,-6,0,-7,0,1,1,2,2,3,3,4,4,5,5,6,6,7,7,8,8,-1,1,-2,2,-3,3,-4,4,-5,5,-6,6,-7,7,-8,8,1,-1,2,-2,3,-3,4,-4,5,-5,6,-6,7,-7,8,-8,-1,-1,-2,-2,-3,-3,-4,-4,-5,-5,-6,-6,-7,-7,-8,-8 #piece type, positionX,positionY,movex/y;attackx/y
ep:0,1
ep:1,1
ep:2,1
ep:3,1
ep:4,1
ep:5,1
ep:6,1
ep:7,1
er:0,0
ek:1,0
eb:2,0
eq:3,0
es:4,0
eb:5,0
ek:6,0
er:7,0
fp:0,6
fp:1,6
fp:2,6
fp:3,6
fp:4,6
fp:5,6
fp:6,6
fp:7,6
fr:0,7
fk:1,7
fb:2,7
fq:3,7
fs:4,7
fb:5,7
fk:6,7
fr:7,7
_g:4,0